## Renee Ti Chou (Protocol#2)

10011100001011011111010101111011101001111011101010011111000011101101000101110001100110110111110101011001110011110110011001100011111011110111110011100111001111010010100110000110000001222222222222222222222222222222222333333333333333333333333333
0111100001111100011101101001111100010001001100101101011101111011111100011101101001111100001001010111111000111011110111101111100001100111001101111111000101110100010100110001

1011    1010000010101111100011101101000001   111000011101101000101110001010011101110101   101111011110000101110100110001110101101011111010       110110001100110101111000010111010110000100  0100110001
000000011100101110010110000011111000111011010011111000010010101111100101011100011111000111011010011110010001001111101011001110011000010000110011000111110111010100100010011111011101010011101110001110100010011110001110111010100001011000001110011011
110010111011000001111000011010110011011111100011101101001111100111010110000011110110010111011111100010011010000010000000011101101001100000110011
1011101010011110000000101001011111000011001100011111101101001011111011101001111001110010000110011000101001111011101010001110110100100000101011110001110100000001000110111111000010001110101001011
11000111011111101010100111110111010101110101100000111001011000001000110001111110001100110001111101110101100110111110100110000100100010010100111100011101101001110011100100110010101110100011110001110111010100001011000001110011011
1010111010110110011110111010011110111010100111110101001100100011011000000011001101111111011000011111011101010011110100110110100110011110110100111110000101010011100111001001111101011101000101001011
101111011110000000111110111010100111100000001010010111111000111011010011101101010100010010111110000000111110010000011001001111101111011111010110010101110001110010011111011101010011110000111010001010010111110000101111100101001101010111101100111001010110011100010111