## Renee Ti Chou (Protocol#1)

100111001010110111110101011110111010011110111010100111110001111011010001011100111001101101111101010110011100011101100110011000011110111101111100111000110001110100101001100101100100010102222222222222222222222333333333333333333333333333333

0111100011111100001101101001111100110001001100101101011101111011111100001101101001111100101001010111111001111011110111101111100001100111000101111111001101110100010100110000       
1011101000001010111110000110110100000111100001110110100010111001101001110111010110111101111        0000  10111010  0110011110101101  0111110101101100  011001101011110000101   110101100011000100110000
000000011100001110010110000011111000011011010011111001010010101111100101011100111111000011011010011110010001001111101011001110001000110000110011000011110111010100100010011111011101010011101110011110100010011110001110111010100001011000001110001011
110000111011000001111000011010110011011111100001101101001111100011010110000011110110010111011111100110011010000010000000011101101001100100110011
1011101010011110000000101001011111000011001100001111101101001011111011101001111001110000000110011000001001111011101010001110110100100010101011110001110100000001000110111111000110001110101001011
11001111011111101010100111110111010101110101100010111001011000001000110000111110011100110000111101110101100110111110100110010100100010010100111100001101101001110011100000110010101110100011110001110111010100001011000001110001011
1010111010110110011110111010011110111010100111110101001100100011011000000011001101111111011000111111011101010011110100110110100110001110110100111110010101010011100011000001111101011101000101001011
101111011110000000111110111010100111100000001010010111111000011011010011101101010100010010111110000000111110010000011000001111101111011111010110010101110011110000011111011101010011110000111010001010010111110000101111100001001101010111101100111001010110011100110111
